{
   "_versionMajor" : "0",
   "_versionMinor" : "2",
   "boundsCenter" : {
      "x" : -0.2362957,
      "y" : 0.1288499,
      "z" : 1.892053
   },
   "boundsSize" : {
      "x" : 1.4532,
      "y" : 0.7768005,
      "z" : 0.8930447
   },
   "format" : "perpixel",
   "numAngles" : 1,
         "crop" : {
            "w" : 0.3283329904079437,
            "x" : 0.1936459988355637,
            "y" : 0.3622219860553741,
            "z" : 0.431533008813858
         },
         "depthFocalLength" : {
            "x" : 2129.62109375,
            "y" : 2127.524169921875
         },
         "depthImageSize" : {
            "x" : 3840,
            "y" : 2160
         },
         "depthPrincipalPoint" : {
            "x" : 1920.569946289062,
            "y" : 1051.966674804688
         },
         "extrinsics" : {
            "e00" : 1,
            "e01" : 0,
            "e02" : 0,
            "e03" : 0,

            "e10" : 0,
            "e11" : 1,
            "e12" : 0,
            "e13" : 0,
            
            "e20" : 0,
            "e21" : 0,
            "e22" : 1,
            "e23" : 0,
            
            "e30" : 0,
            "e31" : 0,
            "e32" : 0,
            "e33" : 1
         },
         "farClip" : 2.248899936676025,
         "nearClip" : 1.484599947929382,
   "textureHeight" : 2048,
   "textureWidth" : 2048
}

