{
   "_versionMajor" : "0",
   "_versionMinor" : "2",
   "boundsCenter" : {
      "x" : 0.008413553,
      "y" : -0.09850645,
      "z" : 1.89162
   },
   "boundsSize" : {
      "x" : 1.834936,
      "y" : 0.7705431,
      "z" : 1.064845
   },
   "format" : "perpixel",
   "numAngles" : 1,
         "crop" : {
            "w" : 0.3403129875659943,
            "x" : 0.2478120028972626,
            "y" : 0.2829689979553223,
            "z" : 0.5395309925079346
         },
         "depthFocalLength" : {
            "x" : 2129.62109375,
            "y" : 2127.524169921875
         },
         "depthImageSize" : {
            "x" : 3840,
            "y" : 2160
         },
         "depthPrincipalPoint" : {
            "x" : 1920.569946289062,
            "y" : 1051.966674804688
         },
         "extrinsics" : {
            "e00" : 1,
            "e01" : 0,
            "e02" : 0,
            "e03" : 0,

            "e10" : 0,
            "e11" : 1,
            "e12" : 0,
            "e13" : 0,
            
            "e20" : 0,
            "e21" : 0,
            "e22" : 1,
            "e23" : 0,
            
            "e30" : 0,
            "e31" : 0,
            "e32" : 0,
            "e33" : 1
         },
         "farClip" : 2.444299936294556,
         "nearClip" : 1.301699995994568,
   "textureHeight" : 2048,
   "textureWidth" : 2048
}

